1.086457750419697721e+00
1.942081701175153885e+00
1.784275321768326705e+00
3.901231113598209177e+00
1.201454952434247270e+00
2.296026860660324687e+00
1.958030218242865050e+00
4.762171236709569211e-01
8.399552322327923370e-01
9.065472859541130468e-01
1.337437045327364293e-01
2.078903189703413534e-01
2.803581421376608596e-01
1.177951874650251807e-01
0.000000000000000000e+00
4.196978175713486636e-02
2.014549524342473460e-02
1.398992725237828720e-03
1.678791270285394550e-03
8.393956351426972752e-04
2.841354224958030361e+00
1.232512590934527141e+00
5.198656966983771222e-01
1.632484611080022407e+00
1.439884888870611321e+06
1.942081701175153885e+00
1.755176273083379979e+00
3.819529938444320205e+00
1.022383883603805277e+00
2.368774482372691725e+00
2.009792949076664836e+00
3.416340235030778105e-01
9.697817571348629206e-01
9.756575265808618003e-01
1.698377168438724161e-01
2.006155567991046440e-01
3.077783995523223348e-01
1.091214325685506414e-01
8.114157806379406271e-03
4.756575265808618037e-03
2.602126468942361423e-02
4.896474538332400844e-02
1.063234471180749853e-02
0.000000000000000000e+00
0.000000000000000000e+00
6.994963626189143815e-03
3.917179630665920329e-03
1.678791270285394550e-03
8.393956351426972752e-04
2.797985450475657765e-04
8.393956351426972752e-04
2.797985450475657765e-04
2.797985450475657765e-04
2.797985450475657765e-04
2.862898712926692735e+00
1.638220481253497507e+00
4.826524902070509215e-01
1.903889199776161112e+00
2.084452910352074250e+05
3.586709228879930743e+04
2.862250792762544370e+04
