9.376601978585319408e-01
2.335888899029273935e-01
5.498833047803465268e-01
2.399644080532469026e+00
8.511081742644468484e-01
2.427735857500657790e+00
3.753293816735426613e+00
7.313199646816942456e-01
1.826900157037072869e+00
2.857988675748649232e+00
1.321137030132612411e+00
5.727776920905085500e-01
1.009618147075302508e+00
9.485075347040642368e-01
1.000000000000000000e+00
2.351965999094414728e-01
1.626493754859312801e-01
3.737693867336596559e-02
4.093864836748042912e-02
2.896016315752383136e-02
1.110947689731801136e+00
9.075604282201417128e-01
4.996051982262475488e-01
1.017820858288590147e+00
4.442067137487309426e+07
2.335888899029273935e-01
6.106633212558623125e-01
2.479270341099892860e+00
9.742357125697300724e-01
2.370658357897500679e+00
3.718954957833531250e+00
7.159281540748861916e-01
1.796029977279519629e+00
2.847302211538344618e+00
1.330616245631382588e+00
5.699916663050947907e-01
1.009391235378197083e+00
9.476272376039385215e-01
8.971241970581654568e-02
6.880370816714252713e-02
1.983282272541275482e-01
2.157943444413459866e-01
1.025636288249240774e-01
1.000000000000000000e+00
1.000000000000000000e+00
8.334287078123378545e-02
6.246467269110611564e-02
4.093864836748042912e-02
2.896016315752383136e-02
1.672483954547113183e-02
2.896016315752383136e-02
1.672483954547113183e-02
1.672483954547113183e-02
1.672483954547113183e-02
1.123441576723328561e+00
1.025857508049585087e+00
4.996989732869015488e-01
1.150926725712084986e+00
1.667934211699739797e+06
1.667860969780285843e+06
2.756402582169299058e+04
