1.319414860134660898e+02
1.319408984934877935e+02
5.100950900053744164e+01
1.313981075189186924e+02
5.037378340885745587e+01
8.582691709436959115e+01
7.422526202548574759e+01
1.593411660244450161e+02
1.586784983673767044e+02
2.310040858303462485e+01
6.563056338158575898e+01
1.005396097129886073e+02
1.699705815326206846e+02
1.476903433895361388e+02
1.080722738611107303e+02
1.137811497449299480e+02
6.736642583900540160e+01
4.098999282211237016e+01
4.046111485703062272e+01
1.574259510641960844e+02
5.049360223018706506e+01
5.678255750538332336e+01
1.295861582069985332e+02
1.301394361491673521e+02
7.807578647396603344e+01
9.006342474201730397e+01
9.556205143500332611e+01
1.138676735248136751e+01
7.548745498536359833e+01
3.593696959470658925e+01
1.060091319984831983e+02
1.661241012916989064e+02
1.111121008477721688e+02
5.864263020623675970e+01
1.458874717107654817e+02
1.163068823733098469e+02
5.563179004775375347e+01
5.450206660378985646e+01
1.670461454824952625e+02
4.412403489955179481e+01
8.816365283556727661e+01
1.150209729921336788e+02
1.413445972939709065e+02
9.595229531175651516e+01
2.130443450543225126e+01
3.231713934774882091e+01
7.917792109008880175e+01
8.228252393198987136e+01
1.493010274572079243e+00
1.472147004690156109e+02
4.141551553329280821e+00
1.623611264674033237e+02
1.518337493877683073e+02
5.325706584542766109e+01
1.472249262190786290e+01
1.590089969284329925e+02
2.093451157037498689e+01
1.387222318128689551e+02
1.083568587640024283e+00
8.289122416585300357e+01
6.120192702433040921e+01
1.317463507381272905e+02
7.421830078596526903e+01
4.774391210311762990e+01
1.367173783129719311e+02
7.400958086671205649e+01
1.368294651188792841e+02
9.119762396351434575e+01
1.570479318543985130e+02
2.347977144309063391e+01
1.241469897231891650e+01
3.808515374410414722e+01
6.024403215180682025e+01
9.764793072275523400e+01
9.534685326982960873e+01
1.001991708960851781e+02
7.741676217896562662e+01
1.638383216278572974e+01
1.080478357096885276e+02
2.026601144447232627e+01
5.463156811704111249e+01
9.117280793973426967e+01
3.966696755535675578e+01
5.773499691242162157e+01
1.307746407399745578e+02
1.421286432566880364e+02
1.559503408910451014e+02
9.987792548414726923e+01
1.541459691224391975e+02
1.577563442359849546e+02
6.275434237367333168e+01
5.334440868981397443e+01
5.014907766464979488e+00
7.623906819696274795e+01
1.223362884032044775e+02
2.473295134892349623e+01
1.712188734704593571e+02
1.722678668150321926e+02
1.479497324973458490e+02
5.447501575728045964e+01
1.306002454760762248e+02
6.129208940086094515e+01
4.220235794621881098e+01
2.161354709075794389e+01
5.523743669945951495e+01
1.298084133239946709e+02
1.001610641387595990e+02
7.471508228961360487e+01
7.843203964453748256e+01
6.834234407443885573e+01
1.348382606009349161e+02
1.309404713055724869e+02
4.174506036621924920e+01
1.066958091421530384e+02
1.049666712539112723e+02
4.355437646161288967e+01
6.945279320885866525e+01
3.380207847323483605e+01
8.498886438305018487e+01
1.067362194633701620e+02
5.608490322049215848e+01
1.268828930273108710e+02
3.002627825285045660e+01
6.120401445769872595e+01
1.476570279685726348e+02
8.007412084691196696e+01
1.648971584045328314e+02
4.965398345302745753e+01
7.489768708297309274e+01
1.718854224415107126e+02
6.769936869680020664e+01
1.490512904874350397e+02
1.404275749228251016e+02
1.049538256081842462e+02
4.606266232182815656e+01
1.681580012924621599e+02
2.156167526181970828e+00
1.610774277336770979e+02
4.536683790887676793e+01
5.753624822423736873e+01
2.306028035248543517e+01
1.194785032481268274e+02
1.456432170214233395e+02
2.774028448850227235e+01
1.369857644081230035e+02
4.363048349670440729e+01
1.438405199888567836e+02
4.076146879888521823e+01
1.699817281692194797e+02
1.007089319279608048e+02
3.463767697399455869e+01
1.481602361343545908e+02
1.718424003620813210e+02
1.335044136462036874e+02
2.297881438550483679e+01
1.652767118232928567e+01
4.046389789688104033e-01
1.562368148824133129e+02
6.632794423470938838e+00
9.530452509348066314e+01
1.631314022705115576e+02
1.716997516949811029e+02
1.195683754405892785e+02
1.136956174146095861e+02
1.448908885733550846e+02
1.169958166422181023e+02
7.105214932379695369e+01
1.129635995942753510e+02
8.592357797985664547e+01
1.805172247919667328e+01
1.605370007541038433e+02
1.419046525145689941e+02
3.094502382862655665e+01
1.092420018147097807e+02
1.305983936451450518e+02
1.643777310163858090e+02
9.414838582219790908e+01
6.975634256344662276e+00
1.854714961950786289e+01
1.256623668639668949e+02
1.341843625992608793e+02
8.177387583852159025e+00
1.359555101957945453e+02
1.233051722812709272e+02
7.931343149644760615e+01
1.889727370808529372e+01
1.437091718296416332e+02
2.631573887817456736e+01
5.026036192509917555e+01
1.058765929581423038e+01
1.440446204832625767e+02
8.823007623482240547e+01
7.149399149627302563e+01
3.505625104580885676e+01
1.004208054116714699e+01
1.528571842689989069e+02
1.205759080121031417e+02
5.092484095557203716e+01
4.661763377086722926e+01
4.034029242508638191e+01
6.838149777180385414e+00
8.771536890970608624e+01
1.092478421430943492e+01
1.739312283362168046e+02
3.898509023143415675e+01
4.144539057898886369e+01
6.532921011810898904e+01
4.340132381674528972e+01
1.060194277134806526e+02
1.013040486312440294e+02
1.049404413333289625e+02
9.724128845272836941e+01
1.080803381451666212e+01
1.032006986224814682e+02
1.624021773884819879e+02
1.588779273656246858e+02
3.945502418662051269e+01
1.018474225717945991e+01
4.714903784894052308e+01
1.684172437040401462e+02
1.538296850595280318e+02
6.699264157250075868e+01
7.605955540997015873e+01
7.039150253046109640e+01
4.943572759477262935e+01
2.519254488160030547e+01
8.273839449856720307e+01
9.406121243180477620e+01
5.533801247951676316e+01
9.447309292575731376e+01
7.813391738878311621e+00
7.802407348574394064e+01
1.081020895517764160e+02
1.514126890672946217e+02
1.685511969034603794e+02
9.756709840706533043e+01
3.991792794295571412e+01
1.724960534158664132e+02
1.367393698772677055e+02
3.677992548064867862e+01
1.150133882092466706e+02
4.354331679263371058e+01
9.419142984981850475e+01
1.543719407731979061e+02
3.029284461415529606e+01
3.209167421892929184e+01
1.622947192542282551e+02
1.733839428808258276e+01
1.802014892255828116e+01
1.069419122618937905e+02
7.545544790791297807e+00
1.570886802818984620e+02
1.309949485658895298e+02
1.918017430435511628e+01
6.128486020080413255e+01
9.042780693903532452e+00
1.488879811095339392e+02
1.531772547309168715e+02
1.285663529728451522e+02
1.643396754086940348e+02
9.127259612172376535e+01
9.284532676391593498e+01
9.627807042099244939e+01
1.566117096518562448e+02
1.151730513953908570e+02
4.696993907175114202e+01
5.819116647159117139e-02
6.992111493287157487e+01
2.726872753754476975e+01
2.097417674382811725e+01
1.028501188747887909e+02
1.087326511024740370e+02
3.882687615614009502e+01
7.175923188468318870e+01
1.301097709337096830e+02
7.311345934223383836e+01
1.070721401049512593e+02
9.067332112198694460e+01
7.968361246672434106e+01
2.014314531842367728e+01
1.680769294225728743e+02
1.325004622449126259e+02
1.196577739704384697e+02
1.498592074126328555e+02
1.149174746000688856e+02
4.753190076621057614e+01
1.342487459443215130e+02
1.365321008782101728e+02
9.943230340174602944e+00
1.318448899772047014e+02
3.080032526212361788e+01
1.442261774946979074e+02
8.824461657205045384e+00
1.578667087170777279e+02
2.539537870350763615e+00
2.809890362001701192e+01
1.320531443466411474e+02
1.271853121791510404e+02
1.564999254145453165e+02
8.888936947956872814e+01
6.412142326848595530e+01
2.890541880568954625e+01
8.578670047023084066e+01
1.946813553017736709e+01
3.911381377989855679e+01
6.289898351988318126e+01
1.139733241822936094e+02
1.141048937324435428e+02
6.939536588524669014e+01
5.193859331350761011e+01
3.002628574269397177e+01
1.004835832942885645e+02
4.048516240992517368e+01
1.447441337986884093e+02
1.134044423456122388e+02
1.058647570752439719e+02
7.457234604489805463e+01
1.103727484362346267e+01
6.256139835600550470e+01
1.241448010763895269e+02
6.203695439734871364e+00
1.048927181079045425e+02
8.312045697338673733e+01
1.668613261792688718e+02
9.355210890199369089e+01
9.954009990207656244e+01
1.197163893386704672e+02
9.878540406437161892e+01
1.245656322935409293e+02
3.321442211231224206e+01
1.177944288290997434e+02
1.358735105111912560e+02
6.229921809863552795e+01
4.668659214340122787e+01
1.586007867785016003e+02
6.005292149349799047e+01
4.631102794758439956e+01
9.268145342211971638e+01
5.796677771465624573e+01
5.283983037836227936e+01
4.073767855864068110e+01
4.556873384008161310e+01
8.176236806846992522e+01
5.766194807898475005e+01
7.934005081323971353e+01
3.614191526452594161e+01
1.126876261774374512e+02
1.454151024668852301e+02
3.135692348903480564e+01
6.689204504795276307e+01
1.136338668769507194e+02
7.660591723091982885e+01
1.736808730991068614e+02
1.643516505686931168e+02
2.613845400270850661e+01
4.733086786388330580e+01
7.093744833055531274e+01
2.574614421345081183e+01
1.498746540417441508e+02
4.467278020811925643e+01
1.378511466661438476e+02
1.567212019491498722e+02
1.933353965442141842e+01
7.599843644968561307e+01
5.541892100878897054e+01
5.272190297284678451e+01
1.610137885123568253e+02
1.630249724025716773e+02
5.822265627667077581e+01
1.219945884808431629e+02
1.044534810475112607e+02
3.745683755346836818e+01
1.545015669975690855e+02
1.610887230687142591e+01
1.682700595646130637e+01
1.262414500930659642e+02
1.434986015964083208e+02
2.421747703893101544e+01
1.691515811665088052e+02
2.889118116950042836e+00
1.571785781046937700e+02
2.947858240862663681e+00
7.453598984143994244e+01
7.912588127067411392e+01
8.315345589893682643e+01
1.206672412470059470e+02
9.983631511301953765e+01
2.227352900143652192e+01
3.381339803663905030e+01
8.847191786744122055e+01
8.364698574277359455e+01
9.637483276144227062e+00
8.468524045663257027e+01
2.224299889409754627e+01
6.795433286059115119e+01
1.941702964888704130e+01
5.922008638565222327e+01
2.407876398990110900e+01
3.277180282166752789e+01
1.846979407522142225e+01
3.772034942775724886e+01
1.079727464222599842e+01
7.129638364777707693e+01
6.518378371696390161e+01
2.779078867399536890e+01
4.742804104081600514e+01
9.308047523471043405e+01
1.730327332892799177e+02
1.528915660124450824e+02
3.005019628483893968e+01
7.434990097050918223e+01
3.428829798672536810e+01
8.819559653105071106e+01
1.796197846488169603e+01
8.912586692900028140e+01
4.432321200095690727e+01
1.552424104408522965e+02
9.331320656166244021e+01
1.132310000775991341e+02
1.679542738069724805e+02
2.592882590974420154e+01
9.495971702153816807e+01
8.775258988784634084e+01
5.797237240091240551e+01
9.491429490273645797e+01
6.857381155783380677e+01
6.666737903330341908e+01
2.371633718471401053e+01
4.388061699426247486e+01
1.195228821077050583e+02
1.584385008107316821e+02
1.173791497198617684e+01
1.538832563168662375e+02
1.706771761666418001e+02
1.125980327698936208e+02
7.918349978943140854e+01
5.337257247654440562e+01
8.183464798951528962e+01
4.938150160032002844e+01
1.387040451611211154e+02
7.863064716124900144e+01
9.194551629926773728e+01
1.241523580169999406e+02
5.388932410193906009e+01
1.590224791317525046e+02
2.080778366979468608e+00
1.679074503519529173e+02
1.529664660269623369e+02
1.303559909828586001e+02
1.121458274136741267e+02
1.587656223954212997e+01
1.707291312033114821e+02
2.921085693962652030e+01
6.953307939749186062e+01
6.873981280149209283e+01
1.267542786869219213e+02
1.249653470733813343e+01
1.630299097641892558e+02
2.351028441238722522e+01
2.384458435736776494e+01
5.297372261158010076e+01
1.265766692264761986e+02
3.266455738576236456e+01
2.373696335880885755e+01
5.843929259011956390e+01
7.588726724191116091e+01
8.961054589788493274e+01
1.209221351755378038e+02
5.492770746257073000e+01
5.274105683798933342e+01
8.293056037792987922e+01
8.130306918597723609e+01
2.077726151636949581e+01
1.293241161236577454e+02
1.660666971429073158e+02
1.127848866464311754e+02
1.693982399369856751e+02
1.265251060038951181e+02
7.187460576967704640e+01
1.701585194575276319e+02
5.858645519237499144e+01
4.069066933682368870e+01
7.805459976667428634e+01
1.100941145087788087e+01
1.501683130036432772e+02
7.623448215582345711e+01
1.002061893345782977e+02
9.982038602462017707e+01
1.487672385502810073e+02
1.121487494828725318e+02
1.713926746024516774e+02
1.369742486082551238e+02
1.301941065586948696e+02
1.114277384614453581e+02
1.641657017800932010e+02
9.704704144429196333e+01
6.830233084292298429e+01
1.004249263521834479e+01
5.665560153383108855e+01
6.187451978612754289e+01
1.537940497966467035e+02
1.535668581839116920e+00
2.962317310846471230e+01
8.997343814435323850e+01
4.333708335148417490e+01
1.722284943851916523e+02
1.392211843813664700e+02
1.060363726685760071e+02
7.992699564516198052e+01
1.221040229456993274e+02
1.369728120135579275e+02
8.677882841916790824e+01
1.638522708997039388e+02
1.339733770658345691e+01
9.179305079944552404e+01
1.076344171747222589e+02
9.228550048828095953e+01
1.478851778540408191e+02
5.651040226176677805e+01
1.109214777632590341e+02
1.520934929997129075e+02
1.436476098821864014e+02
1.663884927486656125e+02
1.424534375857692794e+02
9.014938595670786015e+01
6.333350931411790619e+00
1.026164817840743098e+02
1.035731419236758910e+02
1.372922344974054738e+02
7.661105430708749964e+01
1.032278894194017198e+02
5.054250616210533309e+01
8.854621505347311938e+01
1.313156046201203253e+02
6.210241493312308592e+01
1.303128789162726662e+02
6.783685401027314299e+01
7.152902019776193754e+01
1.265886743967767956e+02
1.387603709947736661e+02
9.459630017824046888e+01
9.753298132212862015e+00
3.522698807381044617e+01
1.185986723501103484e+02
1.482193566816323766e+02
1.444923914692087408e+02
5.161365682320265336e+01
1.180103682733524408e+02
1.243920169799518618e+02
3.748231542841364927e+01
4.937463467661903849e+01
1.168541771146220327e+02
1.600970945991191741e+02
5.441538362748931235e+01
1.170372791363961085e+02
1.393091498996602695e+02
3.510334087702196371e+01
6.829020211064857904e+01
3.895983465841700166e+01
8.836482767618825562e+01
2.792352087723504184e+00
3.134863570412079525e+01
9.499896855290491260e+01
8.892582318628350890e+01
1.042005972429625018e+02
1.571791689586834195e+02
1.521722299617313752e+02
1.326423852575176738e+02
4.311279303416669251e+01
4.907015808786364630e+01
1.005134201626631523e+02
1.525431801032670265e+01
7.663017963069546568e+01
6.899748146078563593e+01
6.171575202288493500e+01
5.445648524108617750e+01
1.396932244800230549e+01
9.083333850208880733e+01
5.259103370292968549e+01
2.474361858074440690e+01
6.933013159983345020e+01
1.435215855966028187e+02
1.225957007534873071e+02
4.292762156190055123e+01
1.721476572086383499e+02
9.128542960241378523e+01
7.147437121968168583e+01
1.060028732040757831e+02
2.312540654799727591e+00
1.224841939300933689e+02
7.201983064762521280e+01
1.702165629751480651e+02
2.581634049079739590e-02
5.888957434751552000e+01
9.255715030954203115e+00
1.395473604753971415e+02
